97 0 0 0 0 0 1 4 3 0 0 1 44 0 3 44 0 9 35 1
2 5 0 0 0 0 1 0 0 0 0 0 2 1 1 0 1 0 1 0
0 0 1 1 0 0 0 0 1 0 0 0 0 0 0 0 0 1 0 0
0 0 0 110 1 1 0 1 2 35 0 0 1 0 5 0 0 6 3 1
0 0 0 0 0 0 0 0 0 1 0 1 0 0 0 0 0 0 0 0
1 0 0 1 0 7 0 1 3 0 0 0 3 4 5 0 0 4 5 0
0 1 0 0 0 0 2 1 0 1 0 0 0 0 1 0 1 1 0 0
7 0 0 5 0 0 0 110 1 54 0 2 5 0 1 1 0 7 0 4
2 0 0 0 0 0 2 4 14 0 1 1 10 0 0 3 0 4 8 5
0 0 0 41 0 2 1 35 1 74 0 3 31 0 1 0 1 4 21 2
1 0 0 1 0 0 0 1 1 0 4 0 5 1 1 0 1 3 4 0
6 0 0 2 0 0 0 3 0 2 0 30 0 0 0 4 0 3 0 1
40 1 0 1 0 1 1 2 7 32 5 0 408 8 18 0 12 31 22 0
1 0 0 0 0 3 1 0 2 2 1 0 19 20 8 0 2 14 13 1
4 1 0 2 0 0 1 2 3 3 1 0 23 10 18 2 0 16 31 0
56 2 0 0 0 0 1 1 3 0 0 0 1 0 1 104 0 9 4 0
0 0 0 0 0 0 1 0 0 1 0 0 6 2 1 0 71 1 3 0
8 2 0 3 0 4 1 7 5 12 2 0 46 20 16 2 9 31 40 3
30 2 1 3 0 2 2 0 7 27 1 0 22 8 19 1 11 26 326 5
3 0 0 0 0 1 0 2 0 2 0 0 9 3 3 1 1 2 9 5
