146 6 0 0 0 2 1 23 12 0 1 2 18 0 21 170 0 16 8 5
13 37 0 10 1 4 2 4 9 3 3 0 5 1 13 25 0 22 4 6
0 0 1 1 1 1 0 0 0 0 0 0 0 0 3 0 0 0 0 0
0 8 0 362 0 8 0 20 17 114 1 2 0 2 18 0 0 18 1 9
1 1 0 0 2 1 0 0 0 2 0 2 0 0 0 3 0 0 0 0
7 4 0 20 0 63 3 13 10 8 6 0 5 2 17 15 1 12 3 5
2 0 0 1 0 1 4 1 3 2 0 0 4 0 3 7 0 3 0 2
23 6 0 12 0 7 0 389 27 109 3 0 18 0 21 7 0 25 0 10
14 12 0 25 0 11 4 32 57 11 6 0 26 4 28 56 1 47 14 13
0 2 0 80 0 4 1 82 13 94 1 2 1 0 6 0 0 10 0 3
3 0 0 6 0 3 1 3 3 1 5 0 3 0 1 3 0 4 0 1
5 0 0 11 1 2 0 9 2 10 0 73 0 0 4 29 0 2 0 2
14 0 0 0 0 1 0 4 7 0 1 0 47 1 14 9 0 15 3 5
1 1 0 0 0 0 1 0 1 0 0 0 0 4 1 1 0 1 2 1
30 12 1 20 0 11 0 25 19 10 6 0 18 1 58 59 0 36 8 6
229 22 0 0 0 14 2 5 24 0 4 5 13 1 61 555 0 43 24 14
0 0 0 0 0 0 0 0 0 0 0 0 0 0 0 0 5 0 0 0
15 10 0 24 0 6 0 18 32 13 3 0 18 0 22 34 0 44 6 10
6 0 0 3 0 0 0 0 1 0 1 0 1 0 3 9 1 4 18 2
17 4 0 21 0 4 2 9 10 7 1 0 4 1 5 18 0 20 2 12
