75 1 0 0 0 0 2 3 4 0 0 4 49 0 5 55 1 3 46 1
1 4 0 0 0 0 1 0 1 0 0 0 4 0 1 1 1 1 2 0
0 0 1 1 0 0 0 0 0 0 0 0 1 1 0 0 0 1 1 0
0 0 0 121 0 2 0 7 1 44 1 0 0 0 4 0 0 3 3 0
0 0 0 1 0 0 0 1 0 1 0 0 0 0 0 0 0 2 0 0
1 1 0 2 1 10 0 1 2 2 3 0 3 3 1 0 0 4 3 0
1 0 1 0 0 0 2 1 0 0 0 0 1 1 0 2 1 1 1 0
6 0 0 4 0 0 0 135 4 33 1 0 7 0 0 3 0 1 0 2
3 0 0 1 0 1 0 4 9 2 0 0 14 0 1 2 1 1 14 1
0 1 0 53 0 1 1 34 0 66 4 1 30 0 4 0 0 2 25 3
0 0 0 1 0 0 0 0 0 2 4 0 3 1 1 0 0 1 4 1
4 0 0 6 0 0 0 5 1 5 0 31 0 0 0 7 0 0 0 1
45 3 0 1 0 3 1 0 11 28 7 0 428 10 29 0 7 31 24 7
2 0 0 0 0 1 3 0 2 0 4 0 10 21 7 0 1 5 9 0
9 3 0 2 0 1 0 2 2 7 1 0 25 4 13 4 2 22 27 2
62 0 0 0 0 0 0 0 2 0 1 0 1 0 0 120 0 4 5 1
1 0 0 0 0 0 1 0 1 2 1 0 3 0 0 0 61 2 4 0
12 2 0 6 0 4 1 6 6 8 3 0 46 16 16 7 4 37 37 1
27 3 0 2 0 3 0 0 5 23 3 0 17 5 13 1 4 18 356 2
2 1 0 0 0 0 2 1 0 2 1 1 8 1 0 1 0 4 3 2
