153 5 0 0 0 6 1 18 10 0 0 0 13 0 17 174 1 11 12 4
10 24 0 5 0 2 2 6 11 10 2 0 8 0 13 22 1 10 3 2
0 1 2 0 0 0 0 0 0 0 0 1 0 0 0 0 0 0 0 0
0 6 2 323 0 6 1 17 24 105 2 0 3 0 24 0 0 21 4 8
2 0 0 0 0 1 0 1 1 0 0 1 0 0 1 1 0 0 0 0
4 11 0 18 0 30 0 14 6 12 2 0 3 4 13 12 0 12 2 3
0 1 0 0 1 0 4 2 2 1 0 0 1 0 2 0 0 0 1 1
18 3 0 13 0 4 1 357 13 82 7 1 14 0 19 6 0 13 0 8
16 4 0 21 0 4 2 24 34 8 1 0 14 1 22 32 0 23 19 7
0 1 0 86 0 2 4 90 7 90 2 1 2 0 8 0 0 9 0 5
2 0 0 4 0 3 0 2 2 3 3 0 3 0 5 4 0 4 1 0
8 1 0 12 1 0 0 11 2 6 0 46 0 0 1 19 0 0 0 4
13 5 0 0 0 1 2 8 11 5 3 0 96 2 14 12 0 23 4 3
0 1 0 0 1 2 1 0 0 0 0 0 1 0 2 0 0 4 2 1
26 7 1 21 0 5 2 22 18 11 3 0 23 5 62 43 0 32 13 11
195 8 0 0 0 4 1 4 25 0 2 1 12 1 43 484 0 29 18 17
0 0 0 0 0 0 1 0 1 0 0 0 1 0 0 0 6 0 0 0
18 8 1 21 0 7 2 23 30 16 2 0 36 3 23 38 1 68 14 8
10 2 0 1 0 1 1 0 6 0 1 0 3 1 8 6 0 10 40 2
9 0 0 12 0 2 6 5 5 8 1 0 4 1 13 12 0 7 6 11
