150 15 1 0 1 5 4 30 27 0 1 6 0 0 33 234 0 11 0 20
30 94 0 17 2 13 4 37 34 12 1 1 1 1 31 62 0 13 1 7
0 0 2 1 1 1 0 1 1 0 0 0 0 1 2 2 0 1 0 0
0 19 0 505 0 13 4 27 30 123 8 0 0 0 44 0 0 16 0 15
4 4 1 3 3 0 0 9 3 2 0 0 1 0 7 18 0 0 0 0
8 14 2 19 0 94 5 17 21 8 3 0 0 2 38 29 0 13 0 7
7 0 1 4 0 7 7 12 10 3 0 1 0 0 6 19 0 1 0 2
34 29 0 30 0 15 2 563 57 104 7 2 2 0 37 19 0 12 0 15
46 36 0 68 3 23 10 101 165 31 2 1 3 0 68 144 1 39 0 20
0 12 0 83 0 5 2 94 25 84 1 0 0 0 12 0 0 5 0 4
3 2 0 3 0 4 1 3 5 2 1 0 0 0 6 5 0 2 0 3
52 10 0 31 2 3 1 46 8 15 0 74 0 0 6 94 0 2 0 7
2 0 0 0 0 0 0 0 0 0 0 0 0 0 0 0 0 0 0 1
0 0 0 0 0 0 0 0 0 0 0 0 0 1 1 1 0 0 0 0
50 32 3 65 0 25 7 67 55 24 5 0 4 0 257 208 0 26 0 31
245 45 1 0 0 22 7 11 95 0 4 3 2 0 134 941 0 33 0 27
0 0 0 0 0 0 0 0 0 0 0 0 0 0 0 0 0 0 0 0
24 16 0 22 1 13 1 41 28 16 2 0 2 1 37 63 0 33 0 15
0 0 0 0 0 0 0 0 0 0 0 0 0 0 0 1 0 0 0 0
30 18 0 38 0 16 11 48 40 17 3 3 0 1 38 92 1 14 0 37
