80 1 0 0 0 1 1 3 3 0 2 1 46 0 7 45 0 5 36 0
0 6 0 1 0 0 0 1 0 0 0 0 2 1 3 1 0 3 5 0
0 0 0 1 0 0 0 0 0 0 0 0 1 0 0 0 0 1 0 0
0 0 0 105 0 4 1 2 0 48 0 1 0 0 2 0 0 1 4 1
0 0 0 0 0 0 0 0 0 0 0 1 0 0 0 0 0 0 0 0
1 0 1 0 0 3 0 1 0 0 0 0 6 3 3 1 0 2 3 1
1 0 0 0 0 0 1 2 0 0 0 0 8 0 1 0 0 1 0 0
7 0 0 1 0 0 0 107 2 40 0 0 7 0 3 1 0 3 0 0
2 0 0 1 0 1 4 2 6 7 0 0 12 1 1 5 1 3 8 0
0 2 1 31 0 2 0 24 1 80 1 1 34 0 6 0 2 5 34 1
0 1 0 0 1 1 0 0 0 1 1 0 2 0 0 1 0 0 2 0
5 0 0 3 0 0 1 4 0 5 0 32 0 0 0 7 0 0 0 0
39 6 0 0 0 3 6 1 10 29 8 0 357 6 15 0 9 28 28 6
1 1 0 0 0 0 0 0 1 0 3 0 8 20 3 0 3 16 9 1
6 1 1 3 0 0 0 2 3 3 0 0 31 8 27 1 0 17 36 0
46 1 0 0 0 1 2 3 3 0 0 0 0 0 2 97 0 6 2 0
0 1 0 0 0 0 0 0 0 0 0 0 5 1 2 0 42 3 2 2
9 1 0 1 1 3 1 8 4 11 6 0 44 24 17 5 2 36 39 2
39 2 0 0 0 4 0 0 0 15 4 0 24 7 28 1 3 15 331 5
1 1 0 1 0 0 3 2 1 3 0 2 10 2 5 4 3 3 15 5
