49 0 0 0 0 0 0 5 1 0 0 1 15 0 3 39 0 5 34 5
1 1 0 1 0 0 1 0 0 0 0 0 1 1 1 0 1 0 2 0
0 0 1 0 0 0 0 0 0 0 0 0 0 0 0 0 0 0 0 0
0 0 0 94 0 1 0 0 1 18 0 1 0 0 2 0 0 0 1 0
1 0 0 0 0 0 0 0 0 0 0 0 0 0 0 0 0 0 0 0
1 1 0 2 0 8 1 0 0 0 0 0 2 3 3 0 0 5 4 0
1 0 0 0 0 0 2 0 0 1 0 0 2 1 0 0 0 0 1 0
5 0 0 1 0 1 0 75 0 28 0 0 4 0 0 0 0 2 0 3
2 0 0 2 0 1 2 3 2 3 0 0 4 0 2 4 1 1 8 1
0 0 0 29 0 0 1 24 1 39 1 0 18 0 0 0 0 2 21 3
0 0 0 0 0 0 0 0 0 0 1 0 3 2 2 0 0 3 3 0
3 0 0 2 0 0 0 0 0 2 0 24 0 0 0 4 0 1 0 1
16 2 0 0 0 1 5 2 5 13 7 0 367 11 10 0 8 16 25 8
0 1 0 0 0 5 0 0 6 0 3 0 14 17 9 0 0 14 12 1
4 0 0 1 0 1 0 0 0 2 1 0 17 5 14 1 0 7 24 0
48 1 0 0 0 0 0 1 3 0 0 1 5 0 0 78 0 1 7 3
0 0 0 0 0 0 0 0 0 0 0 0 9 3 1 0 76 2 10 0
6 0 0 4 0 2 1 5 2 6 1 0 41 21 7 2 4 32 43 2
26 1 0 2 0 2 4 0 8 18 0 0 25 14 7 1 9 10 366 5
0 0 0 1 0 0 0 0 1 2 0 0 4 1 1 1 0 2 9 6
