63 1 0 0 0 0 0 4 4 0 0 1 42 1 4 56 0 3 36 1
0 0 0 2 0 0 0 1 0 0 0 0 3 3 0 0 0 0 4 0
0 0 0 0 0 0 0 0 0 0 0 0 0 1 1 0 0 2 0 0
0 1 0 109 0 0 0 8 2 29 0 0 0 0 1 0 0 6 3 0
0 0 0 0 0 0 0 0 0 0 0 0 0 0 1 0 0 0 0 0
0 0 0 1 0 3 1 0 1 0 1 0 3 2 2 0 0 4 2 0
2 1 0 1 0 1 1 0 1 1 0 0 2 0 0 1 1 0 1 0
9 0 0 2 0 2 0 104 1 33 0 0 5 0 0 0 0 4 0 2
2 0 0 2 0 0 1 3 5 6 0 0 24 0 2 6 1 2 12 0
0 1 0 30 0 0 0 34 0 68 1 3 27 0 2 0 0 5 21 3
0 0 0 0 0 1 0 0 0 0 0 0 2 3 0 0 0 0 3 0
5 1 0 1 0 0 0 1 0 13 0 35 0 0 0 3 0 0 0 0
36 4 0 0 0 4 6 0 11 36 1 0 388 6 16 3 13 20 24 0
1 1 0 0 0 2 0 0 0 1 0 0 16 20 9 0 3 12 12 1
8 0 0 2 0 1 1 1 4 7 3 0 30 7 22 1 0 5 17 3
60 0 0 0 0 0 0 0 2 0 0 2 2 0 1 96 0 2 6 3
0 0 0 0 0 0 1 0 1 2 0 0 11 0 1 0 78 2 6 1
11 1 0 7 0 5 2 8 4 6 1 0 69 10 15 5 5 52 54 8
28 2 0 4 0 1 0 0 12 21 0 0 32 5 11 0 3 16 354 1
4 0 0 1 0 1 3 3 1 1 1 0 12 2 1 2 1 4 5 3
