120 2 0 0 0 2 2 10 5 0 3 0 18 0 15 116 1 11 14 2
7 18 0 9 0 5 0 10 4 0 4 0 13 2 5 15 0 10 5 3
0 0 3 0 0 1 0 0 0 0 0 0 1 0 2 2 0 0 0 0
0 2 0 298 0 6 3 8 20 83 3 0 4 0 16 0 0 16 2 7
0 0 0 0 2 0 0 0 0 0 0 1 0 0 2 0 0 1 0 0
1 5 1 8 0 31 1 7 8 4 1 0 7 1 4 1 0 11 5 2
1 1 0 2 0 1 2 3 1 0 0 0 7 0 0 3 0 1 3 2
14 0 0 13 0 2 1 328 13 68 0 0 11 0 14 4 0 13 1 5
12 6 0 27 0 7 1 20 35 14 1 0 23 0 10 19 1 15 15 5
0 2 0 59 0 1 2 68 5 74 1 1 6 0 6 0 0 14 0 1
1 1 0 0 0 4 0 1 1 2 6 0 1 0 2 5 0 1 0 1
3 0 0 5 0 1 0 11 1 6 0 41 0 0 0 13 0 3 0 0
36 10 0 6 0 3 3 10 7 4 4 0 115 1 16 7 0 22 7 2
0 2 0 0 0 1 0 0 0 0 1 0 0 5 0 0 0 2 1 1
27 8 0 19 0 12 0 22 12 13 6 0 31 6 70 36 0 30 19 9
180 9 0 0 0 8 2 5 24 0 1 2 16 2 30 422 0 24 22 5
0 0 0 0 0 0 1 0 0 0 0 0 1 0 0 0 5 1 0 0
21 7 0 41 2 8 1 14 18 22 4 0 28 4 24 28 1 56 32 10
11 4 0 4 0 1 1 0 9 2 3 0 4 0 7 11 2 15 59 0
13 0 0 16 0 3 3 11 5 5 1 4 13 0 7 14 0 10 5 19
