99 3 0 0 0 2 1 8 5 0 0 0 14 1 9 72 0 5 25 1
5 11 0 4 0 2 0 4 5 2 0 0 4 2 9 4 1 10 3 1
0 0 0 1 0 1 0 2 0 0 0 0 0 1 1 0 0 0 0 0
0 4 1 187 0 3 0 8 5 67 2 0 4 0 6 0 0 7 10 3
0 0 0 1 1 0 0 2 0 0 1 0 0 0 0 2 0 1 0 0
3 1 0 3 0 22 0 6 2 4 1 0 8 0 4 6 3 6 2 2
1 1 0 0 0 0 0 1 4 0 0 0 0 1 2 1 4 0 0 2
3 3 0 2 0 1 1 186 5 49 0 0 9 0 1 3 0 4 0 1
7 0 0 20 0 2 2 10 21 3 0 0 18 0 6 6 2 10 8 2
0 2 0 60 0 3 0 38 5 75 3 1 6 0 6 0 1 9 9 1
1 0 0 0 0 3 0 2 1 2 0 0 3 0 0 1 0 3 1 0
3 1 0 4 0 0 0 5 0 4 0 20 0 0 1 5 0 0 0 0
33 1 0 0 0 3 0 5 14 11 4 0 148 2 24 2 2 18 7 3
1 1 0 0 0 2 1 0 1 0 0 0 1 11 4 0 0 1 1 0
15 3 0 10 0 6 0 8 10 13 0 0 28 0 40 12 1 26 18 2
98 0 0 0 0 2 1 3 12 0 1 1 11 0 13 239 0 7 8 1
0 1 0 0 0 0 0 0 0 1 0 0 0 0 1 0 10 4 1 0
16 8 0 14 0 8 1 16 13 12 3 0 36 5 32 18 1 46 33 6
15 4 0 6 0 2 2 0 5 3 2 0 8 5 14 4 4 14 87 9
9 2 1 5 0 1 2 5 3 5 1 0 6 1 5 3 2 5 7 7
