0 0 0 0 0 0 0 0 0 0 0 0 0 0 0 0 0 0 0 0
0 42 0 0 76 11 5 0 3 0 0 85 0 0 1 0 0 0 0 3
0 1 0 0 0 0 0 0 0 0 0 0 0 0 0 0 0 0 0 0
0 0 0 0 0 0 0 0 0 0 0 0 0 0 0 0 0 0 0 0
0 143 0 0 675 59 21 0 21 0 6 626 0 0 12 0 0 27 0 56
0 1 0 0 6 11 0 0 0 0 0 5 0 0 0 0 0 0 0 2
0 10 0 0 37 1 5 0 4 0 0 37 0 0 0 0 0 0 0 6
0 0 0 0 0 0 0 0 0 0 0 0 0 0 0 0 0 0 0 0
0 13 0 0 49 7 12 0 7 0 1 80 0 0 0 0 0 0 0 16
0 0 0 0 0 0 0 0 0 0 0 0 0 0 0 0 0 0 0 0
0 0 0 0 0 0 0 0 0 0 0 0 0 0 0 0 0 0 0 0
0 244 3 0 963 49 27 0 33 0 3 2130 0 0 6 0 0 15 0 78
0 0 0 0 0 0 0 0 0 0 0 0 0 0 0 0 0 0 0 0
0 0 0 0 0 0 0 0 0 0 0 0 0 0 0 0 0 0 0 0
0 0 0 0 0 0 0 0 0 0 0 0 0 0 0 0 0 0 0 0
0 0 0 0 0 0 0 0 0 0 0 0 0 0 0 0 0 0 0 0
0 0 0 0 0 0 0 0 0 0 0 0 0 0 0 0 0 0 0 0
0 6 0 0 27 0 1 0 0 0 0 32 0 0 0 0 0 7 0 1
0 0 0 0 0 0 0 0 0 0 0 0 0 0 0 0 0 0 0 0
0 0 0 0 0 0 0 0 0 0 0 0 0 0 0 0 0 0 0 0
