95 3 0 0 0 1 1 7 1 0 1 3 21 0 9 70 1 5 26 2
2 9 0 1 0 1 0 2 0 4 0 0 12 2 5 4 0 2 2 0
0 0 0 2 0 0 0 0 0 0 0 0 0 1 0 0 0 0 0 0
0 1 0 153 1 0 0 7 5 62 1 0 3 0 8 0 0 6 16 1
0 0 0 0 0 0 0 1 0 0 0 1 0 1 0 1 0 0 0 0
3 0 0 4 0 16 1 4 3 2 1 0 5 5 8 4 0 9 5 3
0 0 0 0 0 0 0 0 0 1 0 0 1 1 2 0 7 0 0 2
11 4 0 3 0 2 0 178 2 43 0 0 9 0 4 0 0 3 1 1
7 3 0 7 0 1 0 6 14 3 0 0 18 2 8 7 1 4 11 5
0 0 0 33 1 1 1 24 2 67 0 1 16 0 9 0 2 4 6 0
1 1 0 3 0 0 0 1 1 0 4 0 3 0 2 1 0 2 4 0
2 0 0 5 0 0 0 9 0 1 0 22 0 0 1 4 0 0 0 0
32 7 0 4 0 2 1 4 10 9 0 0 153 2 19 2 5 27 6 2
0 0 0 0 0 1 1 0 1 0 1 0 3 5 4 1 0 2 1 2
7 4 1 6 0 5 1 6 5 10 6 0 25 3 40 11 1 18 23 2
77 7 0 0 0 2 1 3 6 0 0 0 4 1 14 207 0 10 8 1
0 0 0 0 0 0 0 0 1 0 0 0 2 0 3 0 34 1 3 0
16 8 1 13 0 4 2 7 18 9 5 0 38 5 30 8 3 39 31 10
20 2 0 7 0 5 3 0 4 6 1 0 8 3 24 8 2 12 109 2
4 2 0 4 0 1 0 1 2 0 1 2 4 0 3 2 0 2 6 12
