76 0 0 0 0 1 0 0 3 0 1 4 41 1 2 45 0 3 29 0
0 3 0 2 0 0 0 0 0 0 0 0 1 1 2 1 0 3 1 0
0 0 0 0 0 0 1 0 0 0 0 0 0 0 0 0 0 1 0 0
0 0 0 154 0 1 0 12 2 65 0 1 1 1 1 0 0 1 2 1
0 0 0 0 0 0 0 0 0 1 0 2 0 0 0 0 0 0 0 0
2 1 0 1 1 8 0 2 0 3 1 0 9 2 1 1 0 6 5 1
0 0 0 0 0 0 3 0 2 0 1 0 4 0 1 1 1 0 3 0
12 0 0 10 0 0 1 134 7 36 0 0 7 1 1 3 0 3 0 0
3 1 0 6 0 1 2 5 4 7 0 2 14 1 2 3 0 1 9 3
0 0 0 43 0 1 0 48 2 68 1 2 23 0 5 0 0 7 22 5
1 1 0 0 0 0 0 1 0 2 1 0 0 1 1 0 0 0 0 0
4 0 0 2 1 0 0 3 0 1 0 26 0 0 0 7 0 0 0 0
47 9 0 2 0 2 2 7 13 48 3 0 394 13 24 1 9 29 37 5
1 2 0 0 0 3 1 0 2 1 2 0 14 12 6 1 1 9 4 1
9 4 0 5 0 3 2 0 4 8 1 0 24 10 31 1 0 13 33 3
61 1 0 0 0 1 0 1 2 0 0 1 1 0 2 145 0 3 6 1
0 1 0 0 0 0 1 0 4 0 0 0 6 2 0 0 67 1 7 0
18 4 0 4 0 3 1 10 5 9 8 0 47 17 20 3 4 33 56 5
38 7 0 3 0 0 1 0 10 24 4 0 37 9 15 3 6 24 356 3
3 0 0 1 0 2 1 4 1 6 1 4 17 5 3 5 2 4 24 8
