157 4 0 0 0 0 2 9 7 0 1 1 59 0 14 95 1 7 50 5
6 9 0 3 0 2 1 2 3 4 1 0 14 3 3 7 1 8 12 3
0 0 1 2 1 0 0 0 0 1 0 0 0 0 1 0 0 1 1 0
0 0 0 195 0 2 0 2 5 56 0 2 3 0 7 0 0 10 18 3
0 0 0 0 8 0 0 1 0 0 0 0 0 2 0 1 0 8 1 0
1 1 1 5 0 21 0 0 5 4 2 0 8 3 3 2 0 8 4 1
1 0 0 0 0 0 1 0 0 0 0 0 5 0 3 1 1 2 3 2
9 2 0 3 1 0 1 210 5 61 0 0 8 0 1 2 0 8 0 1
8 0 0 6 2 2 1 9 16 7 2 0 25 1 3 4 5 15 15 1
0 1 0 58 0 1 3 59 3 109 2 1 25 0 2 0 0 17 14 4
2 0 0 5 0 3 1 0 2 1 6 0 11 3 3 1 0 5 5 0
8 0 0 3 0 0 0 14 1 7 0 53 0 0 0 7 0 0 0 0
62 3 1 1 0 3 0 6 18 29 2 0 359 6 17 4 8 28 22 6
1 2 0 0 1 4 0 0 1 1 5 0 13 12 7 0 0 7 5 1
21 3 0 6 0 4 4 4 3 9 3 0 47 13 46 2 0 18 31 1
95 1 0 0 0 0 0 0 2 0 0 3 4 0 7 207 0 8 13 4
0 0 0 0 0 0 0 0 0 2 0 0 7 1 0 0 71 2 5 1
19 8 1 10 0 7 2 14 12 16 15 0 52 13 30 18 6 69 77 6
52 3 0 6 0 5 2 0 8 26 7 0 22 7 32 3 6 24 312 5
3 0 0 5 0 0 5 4 1 4 2 1 17 1 6 7 0 3 5 15
