44 0 0 0 0 0 0 3 1 0 0 2 15 0 2 29 0 2 29 1
0 3 0 0 0 0 1 0 0 0 0 0 3 2 0 1 0 0 2 0
0 0 1 0 0 0 0 0 0 0 0 0 0 0 0 0 0 0 0 0
0 0 0 93 0 1 0 7 0 32 0 0 0 0 0 0 0 2 1 0
2 1 0 0 0 0 0 1 0 1 0 2 0 0 0 0 0 0 0 0
0 1 0 0 0 3 0 2 1 0 0 0 1 1 0 1 0 2 2 0
2 0 0 1 1 0 4 3 2 2 0 0 5 2 0 0 0 0 3 0
2 0 0 4 0 1 0 66 2 38 0 0 3 0 2 0 0 3 0 1
5 0 0 3 0 0 0 3 6 3 1 0 16 0 3 4 0 5 4 0
0 0 0 23 0 1 0 16 0 47 1 3 21 1 0 0 0 2 14 0
0 0 0 1 0 2 0 0 0 0 1 0 2 6 0 0 0 1 5 0
5 1 0 0 0 0 0 3 0 4 0 18 0 0 0 3 0 0 0 2
33 1 0 0 0 1 1 4 11 29 3 0 373 9 7 2 11 15 25 4
0 1 0 0 0 2 2 0 1 0 2 0 12 12 3 0 1 13 17 0
4 1 0 0 0 0 0 1 3 7 0 0 13 4 10 0 1 6 14 1
58 1 0 0 0 0 0 3 1 0 0 2 0 0 0 80 0 1 2 0
0 0 0 0 0 1 3 0 0 0 0 0 10 4 0 0 67 2 8 2
4 0 0 3 0 6 1 4 2 5 4 0 43 11 12 8 4 26 38 1
23 1 0 2 0 2 0 0 9 22 4 0 21 15 15 2 6 16 363 3
3 0 0 2 0 1 5 6 0 4 0 0 10 2 0 4 0 0 15 4
