131 3 1 0 0 1 5 14 7 0 0 1 25 2 13 95 0 8 17 3
11 15 0 11 0 5 0 10 5 8 0 0 14 3 10 13 1 5 8 2
0 0 1 1 0 0 0 0 0 0 0 0 0 0 0 0 0 0 1 0
0 3 0 258 0 3 0 6 7 92 2 1 2 0 8 0 0 15 11 10
0 0 0 0 0 0 0 0 1 1 0 0 0 0 1 1 0 0 0 0
5 5 1 7 0 23 0 3 8 7 2 0 4 4 10 6 0 9 1 4
3 0 0 1 0 0 3 0 1 3 0 0 0 0 0 4 0 2 3 1
12 0 0 13 1 5 0 261 11 75 2 0 10 0 9 5 0 15 0 3
8 3 0 8 0 1 2 11 17 12 2 0 23 0 13 20 0 11 6 3
0 2 0 73 1 1 3 56 3 87 1 2 7 0 7 0 1 10 2 4
2 2 0 5 0 3 0 4 1 3 1 0 5 4 2 4 0 7 1 1
4 0 0 3 0 0 0 7 0 1 0 22 0 0 0 6 0 0 0 0
29 3 0 6 0 2 4 8 16 5 2 0 136 3 20 6 5 21 8 2
0 1 0 0 0 2 1 0 1 1 3 0 3 1 1 1 0 2 1 0
20 5 0 22 0 8 2 12 14 12 4 0 33 3 52 29 2 15 31 6
119 5 0 0 2 1 1 2 9 0 3 0 12 0 19 310 0 21 16 9
0 0 0 0 0 1 0 0 1 1 0 0 0 0 0 0 9 1 1 1
17 6 0 30 0 7 1 12 20 18 4 0 31 2 24 22 3 53 40 10
18 1 1 3 0 1 1 0 6 3 0 0 7 3 12 11 3 20 85 1
3 0 1 10 0 0 1 4 3 4 0 0 9 0 6 16 1 7 4 10
