80 0 0 0 0 0 0 2 3 0 0 0 38 0 4 41 0 4 30 3
1 2 0 0 0 0 0 0 0 0 0 0 3 0 0 0 0 1 5 0
0 0 1 0 0 0 0 0 0 0 0 0 0 0 0 0 0 0 0 1
0 1 0 103 0 0 0 4 0 45 0 1 1 0 0 0 0 3 0 5
0 1 0 0 0 0 0 1 0 0 0 0 1 0 0 0 0 1 0 0
2 0 0 1 0 4 0 0 1 3 1 0 8 2 3 1 1 3 3 0
0 0 0 0 0 0 2 0 0 0 0 0 1 0 0 0 0 0 0 1
7 1 0 1 0 0 0 109 0 31 0 2 5 0 1 0 0 1 0 1
2 0 0 4 0 0 5 2 2 2 0 0 8 1 4 1 3 0 12 0
0 1 0 26 0 1 0 13 1 53 0 2 27 0 1 0 0 3 20 2
0 0 0 0 0 1 0 0 0 0 2 0 4 2 4 0 0 0 7 0
3 1 0 5 1 0 1 5 0 12 0 28 0 0 0 9 0 1 0 0
27 1 0 0 0 4 2 5 11 15 1 0 406 4 8 2 9 22 37 6
1 1 1 0 0 2 1 0 0 1 2 0 20 35 6 0 0 6 13 0
8 1 0 0 0 2 1 1 1 1 0 0 28 3 9 3 0 8 25 2
46 0 0 0 0 0 0 0 1 0 0 0 4 0 2 74 0 2 6 2
0 1 0 0 0 1 0 0 1 1 3 0 9 1 0 0 76 2 13 2
8 2 0 1 0 3 0 5 7 6 2 0 43 20 16 3 1 25 43 3
23 3 0 3 0 2 1 0 9 22 3 0 44 8 16 1 9 21 382 11
0 0 0 0 0 0 3 1 1 0 0 0 3 2 0 0 3 2 3 2
