0 0 0 0 0 0 0 0 0 0 0 0 0 0 0 0 0 0 0 0
19 100 0 39 3 13 6 42 28 13 0 10 1 0 23 91 0 15 1 10
1 0 0 1 1 4 1 1 1 0 1 0 0 0 1 1 0 0 0 0
0 0 0 0 0 0 0 0 0 0 0 0 0 0 0 0 0 0 0 0
130 137 2 190 64 85 32 277 278 70 13 83 1 0 436 490 0 96 0 66
9 20 0 23 2 86 2 13 15 6 4 1 0 3 43 36 0 12 0 4
2 4 1 1 1 4 9 1 3 2 0 1 0 0 10 10 0 2 0 10
0 0 0 0 0 0 0 3 1 0 0 0 0 0 0 0 0 1 0 0
2 6 0 9 0 4 2 9 21 1 0 1 0 0 12 16 0 2 0 5
0 0 0 0 0 0 0 0 0 0 0 0 0 0 0 0 0 0 0 0
1 2 0 2 1 4 1 5 2 1 0 0 0 0 4 2 0 0 0 2
300 96 2 407 44 44 22 522 137 203 9 540 0 0 244 853 0 39 0 88
0 0 0 0 0 0 0 0 0 0 0 0 0 0 0 0 0 0 0 0
0 0 0 0 0 0 0 0 0 0 0 0 0 0 0 0 0 0 0 0
1 1 0 1 0 0 1 2 0 2 1 1 0 0 15 3 0 3 0 2
0 0 0 0 0 0 0 0 0 0 0 0 0 0 0 0 0 0 0 0
0 0 0 0 0 0 0 0 0 0 0 0 0 0 0 0 0 0 0 0
5 8 0 15 2 4 0 9 12 2 1 1 0 0 14 16 0 19 0 4
0 0 0 0 0 0 0 0 0 0 0 0 0 0 0 0 0 0 0 0
15 13 0 26 4 11 7 29 15 13 2 16 1 0 28 45 0 14 0 20
