65 0 0 0 0 0 1 6 3 0 0 1 48 0 6 48 0 6 34 3
1 5 0 0 0 0 1 1 0 3 0 0 7 1 3 1 0 5 6 0
0 0 1 0 0 0 1 0 0 0 0 0 0 1 0 0 0 0 0 0
0 0 0 122 0 1 0 3 8 44 0 1 2 0 3 0 0 6 8 3
0 0 0 0 0 0 0 1 2 0 0 2 0 0 0 1 0 0 0 0
1 0 0 0 0 11 0 2 0 3 0 0 5 1 6 0 0 2 4 0
0 0 0 0 0 0 1 0 1 0 0 0 7 2 1 1 3 2 2 1
5 0 0 13 0 0 0 146 9 35 0 1 6 0 1 5 0 7 0 3
4 0 0 4 0 0 1 16 5 4 0 0 21 2 5 4 3 4 12 3
0 0 0 43 0 0 0 39 1 62 0 1 28 0 11 0 0 5 20 4
0 1 0 1 0 0 0 1 1 0 0 0 1 5 0 1 0 1 4 1
6 0 0 5 0 1 0 5 2 5 0 29 0 0 0 8 0 1 0 7
30 1 0 0 0 2 7 4 16 26 1 0 368 8 28 0 10 23 33 6
0 1 0 0 0 3 2 0 1 1 1 0 5 18 7 0 1 14 5 1
8 1 1 4 3 6 2 3 4 12 3 0 23 5 36 3 1 10 34 5
44 0 0 0 0 1 0 3 7 0 0 1 4 0 3 144 0 5 8 2
0 0 0 0 0 0 1 0 1 1 0 0 5 0 0 0 44 3 5 1
13 2 0 6 1 7 2 10 12 9 3 0 45 12 21 6 5 38 39 7
32 3 0 4 1 3 7 0 7 18 2 0 25 8 17 4 14 20 308 5
3 0 0 4 0 0 0 2 0 4 0 0 15 2 6 3 0 3 11 5
