102 1 0 0 0 1 1 7 2 0 1 0 56 0 5 84 2 6 48 1
2 1 1 0 1 0 0 0 1 0 2 0 4 0 1 1 0 1 1 2
1 0 1 0 0 0 0 0 1 0 0 0 0 1 0 0 0 0 0 0
0 1 0 140 0 2 0 6 0 60 0 1 0 0 2 0 0 4 6 0
0 0 0 1 3 0 0 0 0 0 0 1 0 0 0 0 0 1 0 0
0 2 0 1 0 9 0 2 3 2 1 0 8 2 3 1 1 5 1 1
0 0 0 0 0 0 1 0 2 1 0 1 3 0 0 0 1 1 3 0
10 0 0 0 0 2 0 149 5 42 0 1 7 0 3 2 0 7 0 3
8 0 0 2 0 0 2 7 17 4 1 0 24 0 2 4 0 7 8 1
0 1 0 39 0 0 1 41 6 78 1 2 30 0 6 0 0 4 34 1
1 0 0 1 0 0 0 1 1 1 1 0 8 6 1 0 0 4 2 0
6 0 0 3 0 0 0 13 0 7 0 50 0 0 0 6 0 0 0 1
55 10 0 0 0 5 2 2 6 26 5 0 330 11 17 3 4 24 20 5
1 1 0 0 0 3 0 0 8 0 1 0 4 22 6 0 0 9 6 1
16 7 0 5 0 2 4 3 8 4 6 0 40 9 33 5 0 24 48 1
71 0 0 0 0 0 0 1 1 0 0 4 2 1 5 159 0 7 6 1
1 0 0 0 0 0 2 0 0 1 0 0 6 1 1 0 57 1 6 0
20 3 1 8 0 8 5 6 9 10 3 0 57 15 13 8 2 33 56 3
39 2 0 3 0 2 4 1 15 20 1 0 24 7 23 4 7 17 285 4
7 1 0 7 1 2 0 1 3 3 0 0 10 4 2 8 1 6 16 8
