61 1 0 0 0 0 0 6 3 0 0 1 30 1 3 37 0 6 45 1
0 0 0 2 0 0 0 2 0 0 0 0 1 3 0 0 0 2 4 1
0 0 0 0 0 0 0 0 0 0 0 0 1 1 0 0 0 0 0 0
0 0 0 100 0 1 1 3 3 47 0 0 1 0 2 0 0 3 5 0
0 0 0 0 0 0 0 0 0 0 0 0 0 0 0 0 0 0 0 0
0 1 0 2 0 8 0 1 1 0 0 0 5 2 0 2 0 8 2 0
0 0 0 1 0 0 1 0 0 2 0 0 1 0 1 0 4 0 3 0
6 0 0 4 0 1 0 121 2 37 0 2 9 0 1 1 0 10 1 3
0 0 0 0 0 0 0 0 2 1 0 0 0 0 0 0 0 1 0 0
0 0 0 25 0 1 0 24 3 75 0 1 30 1 1 0 0 3 30 0
1 0 0 0 0 2 0 1 0 0 0 0 2 3 0 0 0 2 2 0
13 0 0 3 0 0 0 4 2 4 0 33 0 0 0 19 0 1 0 0
26 1 1 1 0 2 3 0 12 13 2 0 398 24 23 0 15 36 43 2
2 1 0 0 0 1 2 0 2 0 2 0 16 28 4 0 3 11 16 3
3 3 0 3 0 3 0 0 2 0 1 0 22 10 14 2 0 17 24 1
61 0 0 0 0 0 0 2 4 0 0 0 4 0 3 101 0 5 10 2
0 0 0 0 0 0 1 0 4 2 0 0 6 2 2 0 69 1 7 0
0 0 0 0 0 0 0 0 0 0 0 0 0 0 1 0 0 1 0 0
29 5 0 0 0 4 1 0 7 33 1 0 40 16 21 1 11 40 397 9
0 0 0 0 0 0 0 0 0 0 0 0 0 0 0 0 0 0 0 0
