206 9 0 0 0 7 1 23 12 0 0 2 11 2 25 232 0 10 2 10
18 41 0 13 0 8 1 13 5 8 2 0 0 0 12 30 0 6 0 6
0 0 0 2 0 0 1 1 0 0 0 0 0 0 4 0 0 0 0 0
0 12 1 412 2 11 1 25 24 116 2 0 1 0 24 0 0 27 1 9
3 0 0 2 0 2 0 1 1 1 0 2 0 0 0 6 0 1 0 0
6 9 0 22 0 59 4 18 15 10 6 0 6 2 17 21 0 13 0 8
0 0 0 8 1 0 2 1 5 1 0 0 2 0 3 3 0 0 1 1
40 15 0 19 0 19 5 462 39 117 3 0 4 0 25 7 0 28 0 8
26 12 0 36 0 9 5 49 68 20 3 1 19 0 25 65 0 20 5 8
0 8 0 111 0 3 1 90 10 120 3 1 2 0 11 0 0 11 0 2
3 3 0 1 0 6 0 8 1 2 5 0 3 1 4 6 0 2 1 5
15 2 0 15 1 4 0 29 2 10 0 76 0 0 4 39 0 1 0 1
10 8 0 0 0 2 0 5 8 0 1 0 19 0 8 2 0 0 0 5
0 0 0 0 0 1 0 0 2 0 1 0 1 4 2 0 0 0 0 0
23 7 1 34 0 11 1 36 28 18 6 0 11 1 105 99 0 34 3 21
264 26 1 0 0 21 2 7 37 0 3 3 12 0 81 775 0 32 5 25
0 0 0 0 0 0 0 0 0 0 0 0 0 0 0 0 2 0 0 0
29 7 1 29 1 8 0 17 23 12 3 2 5 0 19 43 0 35 3 8
4 0 0 1 0 1 0 0 0 0 0 0 0 0 2 0 0 2 4 1
10 2 1 13 0 7 2 11 9 6 0 0 1 0 16 21 0 5 2 11
