176 4 0 0 2 5 1 32 7 0 3 3 15 0 24 218 0 10 5 7
5 33 0 18 0 4 0 9 10 9 4 0 5 1 10 33 0 7 1 11
1 0 2 1 0 0 0 0 0 1 0 0 0 0 1 0 0 0 0 2
0 13 0 405 0 10 1 14 12 130 6 0 1 0 18 0 1 20 1 12
1 0 0 1 0 0 0 4 0 0 0 2 0 0 1 4 0 2 0 0
13 6 2 18 0 50 1 18 13 11 12 0 9 1 20 25 0 15 1 10
4 2 0 1 0 1 8 5 6 3 0 0 2 0 3 3 0 1 1 7
31 9 0 17 0 12 2 444 30 107 1 3 9 0 34 5 0 18 0 9
18 11 0 29 0 13 6 50 60 17 2 3 22 2 34 55 1 12 6 10
0 6 0 112 0 6 2 72 7 135 1 2 2 0 9 0 1 4 0 11
0 1 0 3 0 5 0 4 0 2 10 0 0 0 5 8 0 3 0 1
17 0 0 10 0 0 2 15 3 11 0 56 0 0 1 29 0 1 0 1
10 1 0 0 0 1 0 3 6 3 1 0 36 0 6 8 2 2 0 3
0 0 0 0 0 0 0 0 0 1 0 0 4 6 2 2 0 0 0 1
34 7 0 27 0 12 4 30 27 13 8 0 14 3 85 83 0 20 6 12
230 23 0 0 1 17 5 11 31 0 4 2 18 0 73 660 0 22 15 23
0 0 0 0 0 0 0 0 0 1 0 0 0 0 0 0 1 0 0 0
17 9 0 23 1 17 1 23 12 15 2 1 16 0 20 49 0 46 4 10
2 0 0 0 0 0 0 0 1 0 0 0 0 1 5 3 0 1 7 0
11 1 0 12 0 6 1 14 6 9 2 1 8 0 14 26 0 7 1 10
