95 2 0 0 0 0 1 7 1 0 1 1 38 1 8 60 0 3 43 2
3 9 0 0 0 0 1 1 0 2 0 0 5 1 3 3 0 5 7 0
0 1 0 0 0 0 2 0 0 0 0 0 0 0 0 0 0 0 0 0
0 0 0 131 0 1 0 3 2 53 1 0 0 0 3 0 0 3 10 0
1 0 0 0 0 0 0 1 0 0 0 0 0 0 0 2 0 0 0 0
2 1 0 1 0 10 0 1 3 1 0 0 5 2 3 1 0 7 4 0
0 1 0 0 0 1 9 0 4 1 0 0 6 0 1 0 2 1 5 0
9 2 1 4 1 0 1 173 8 39 1 2 10 0 4 0 0 4 1 1
4 2 0 2 0 1 1 8 10 5 1 0 16 1 3 1 2 4 15 1
0 1 0 49 0 0 0 45 1 100 1 1 33 1 2 0 0 8 19 3
0 0 0 0 0 2 0 1 1 1 1 0 4 2 2 0 0 0 4 1
9 0 0 2 3 0 0 5 0 2 0 44 0 0 0 6 0 1 0 1
40 9 0 1 0 3 5 3 14 32 2 0 381 14 25 3 10 41 25 8
3 3 0 0 0 2 2 0 1 1 2 0 2 22 5 0 2 9 6 5
7 2 0 2 0 5 1 3 0 6 0 0 36 13 30 4 1 15 29 3
66 3 0 0 0 0 2 1 5 0 0 1 5 0 5 152 0 6 5 2
1 1 0 0 0 0 1 0 1 1 0 0 8 3 1 0 65 1 4 1
9 4 0 10 0 2 1 8 16 7 2 0 43 18 22 10 4 44 43 12
39 7 0 4 0 2 1 1 12 23 5 0 18 7 22 1 5 22 323 5
5 1 0 0 0 1 2 2 1 6 0 1 9 1 0 4 1 2 19 6
