132 3 0 0 0 0 1 12 4 0 1 0 54 0 12 89 0 14 39 2
5 23 0 4 0 0 1 1 4 2 3 0 11 3 5 6 1 7 8 0
1 0 3 2 0 0 0 0 0 0 0 0 1 0 1 1 0 0 0 0
0 4 0 181 0 2 0 5 6 74 0 0 4 0 6 0 0 17 23 3
1 0 0 0 3 0 0 0 2 2 0 3 0 0 0 1 0 0 0 0
2 3 0 2 1 30 1 4 1 1 4 0 8 0 5 4 1 12 3 5
1 0 0 3 0 0 8 4 1 2 0 0 2 0 3 2 2 2 2 0
15 0 0 2 1 0 0 238 7 51 1 1 12 0 5 3 0 8 0 0
4 2 0 7 0 0 1 7 14 6 1 0 21 0 8 7 2 12 21 0
0 2 0 54 0 3 1 31 3 100 0 1 22 1 6 0 0 7 8 1
1 0 0 2 0 4 0 1 0 2 1 0 5 1 2 0 0 2 3 0
8 0 0 7 0 0 0 4 0 1 0 57 0 0 1 5 0 1 0 1
56 8 0 3 0 2 3 4 25 36 1 0 352 9 29 2 7 43 17 11
0 5 0 0 0 5 1 0 4 0 0 0 17 19 10 1 0 11 2 4
26 6 0 11 1 3 1 3 9 9 2 0 50 9 42 11 0 20 34 5
107 7 0 0 0 1 0 3 5 0 1 1 8 0 10 246 0 18 14 3
1 0 0 0 0 1 2 0 1 1 0 0 3 0 2 0 57 2 5 0
20 9 0 30 8 8 2 15 10 17 3 1 79 16 27 13 2 79 63 7
48 7 0 4 0 1 4 0 13 26 1 0 18 3 26 5 6 35 243 6
4 1 0 6 0 2 1 2 7 3 0 2 14 0 8 5 1 9 18 11
