148 4 0 0 0 0 5 11 6 0 0 2 47 0 11 89 1 10 44 3
4 15 0 1 0 2 0 5 5 2 2 1 11 2 6 5 0 11 9 1
0 0 3 0 0 1 0 0 0 0 0 0 1 0 1 0 0 0 0 1
0 2 0 215 1 2 0 9 5 72 1 2 3 1 11 0 0 11 14 2
0 0 0 0 1 0 0 1 1 0 0 3 0 1 0 2 0 0 0 0
1 6 0 6 0 19 2 3 3 4 1 0 10 2 6 1 1 7 8 2
1 2 0 2 0 0 1 1 0 3 0 0 3 0 1 2 1 4 3 1
12 2 0 5 0 0 0 233 7 62 3 0 10 1 7 3 0 12 0 2
9 2 0 9 0 1 1 11 30 3 2 0 27 2 17 15 4 11 29 0
0 1 0 75 0 1 1 56 3 95 1 0 16 0 3 0 1 9 15 4
1 0 0 0 0 2 0 1 1 2 3 0 3 1 1 1 1 3 3 2
5 0 0 6 1 0 0 20 1 10 0 83 0 0 0 15 0 1 0 0
51 8 0 3 0 4 4 7 15 27 2 0 315 6 32 2 2 26 15 8
1 6 1 2 0 3 0 0 2 0 3 0 3 22 8 2 1 13 8 1
16 5 1 13 1 7 0 7 10 15 1 0 53 6 64 14 1 25 33 1
132 3 0 0 0 2 0 4 8 0 1 2 9 1 15 255 0 8 19 4
0 0 0 0 0 0 0 0 1 1 0 0 4 0 0 0 54 5 10 0
21 9 1 20 0 13 5 17 17 21 7 1 75 12 39 21 8 82 59 9
55 4 0 9 0 1 1 0 12 11 3 0 12 3 24 4 7 28 247 5
11 3 0 7 0 1 1 13 6 7 2 6 12 2 4 9 1 6 8 18
