137 3 0 0 0 2 0 4 3 0 1 2 48 1 9 85 2 6 51 3
6 5 0 5 0 3 0 3 0 1 1 0 8 1 3 4 1 3 5 1
0 0 3 0 0 0 1 0 0 0 0 0 0 0 0 1 0 0 0 0
0 1 0 199 0 2 0 3 2 72 0 2 1 0 8 0 0 6 12 2
1 0 0 0 0 0 0 0 0 1 0 0 0 0 0 1 0 0 0 0
1 1 0 3 0 5 1 3 2 2 1 0 6 2 8 0 0 5 5 1
1 0 0 0 0 0 2 0 4 2 0 0 2 0 0 0 3 1 7 1
7 1 0 7 0 1 2 164 5 51 1 0 10 0 3 3 0 7 0 5
4 0 0 7 0 2 3 8 6 1 5 0 28 2 6 7 1 6 15 2
0 1 0 61 0 1 0 54 2 83 3 3 23 0 7 0 0 8 22 4
1 0 0 2 0 0 0 0 2 1 2 0 6 3 0 0 0 3 1 0
8 0 0 6 0 0 0 12 0 4 0 71 0 0 1 7 0 1 0 4
76 5 0 2 0 5 5 2 15 32 10 0 331 16 22 2 10 37 17 11
0 1 0 0 0 2 2 0 2 1 1 0 9 16 7 0 2 12 2 4
13 3 0 3 0 6 3 4 4 14 2 0 35 6 42 5 1 21 43 4
96 3 0 0 0 0 1 2 3 0 0 0 2 0 7 212 0 4 4 2
2 0 0 0 0 0 1 0 0 0 1 0 7 2 0 0 65 3 9 0
13 7 0 9 0 3 2 8 12 16 7 0 55 22 24 15 2 58 49 15
48 6 0 1 0 1 1 0 9 29 6 0 22 8 34 3 10 33 322 13
4 0 0 9 0 0 1 5 5 2 0 0 11 4 2 12 1 8 11 9
