57 0 0 0 0 0 0 6 1 0 0 1 24 0 1 23 0 5 25 0
0 5 0 1 0 0 0 0 0 1 0 0 3 2 0 0 0 2 2 0
0 0 0 0 0 0 0 0 0 0 0 0 0 0 1 0 0 2 0 0
0 0 0 73 0 1 1 7 0 36 0 1 0 0 0 0 0 0 4 1
0 0 0 0 0 0 0 1 0 0 0 0 0 0 0 1 0 0 0 0
2 0 0 2 0 5 0 1 0 0 0 0 1 4 3 0 0 1 6 1
0 0 0 0 0 0 0 0 1 0 0 0 0 0 0 0 0 1 0 0
3 0 0 4 0 1 0 70 1 22 0 1 11 0 1 1 0 1 1 2
1 0 0 0 0 0 1 2 5 0 0 1 9 2 1 2 0 0 12 0
0 0 0 27 0 1 0 17 1 50 0 1 19 0 4 0 0 4 18 1
0 0 1 0 0 0 1 0 1 1 2 0 0 1 4 0 1 1 4 0
5 0 0 3 0 0 0 0 0 1 0 14 0 0 0 3 0 0 0 0
22 1 0 0 0 4 1 3 8 21 6 0 357 8 13 0 6 18 25 1
0 2 0 0 0 4 0 0 2 0 1 0 16 21 4 0 5 12 11 1
0 0 0 0 0 0 0 0 1 1 0 0 10 2 17 1 0 6 16 1
37 0 0 0 0 0 0 1 0 0 0 0 0 0 0 61 0 5 2 0
0 0 0 0 0 0 1 0 1 0 1 0 3 0 0 0 69 3 7 0
6 1 0 3 0 7 0 4 3 6 2 0 27 7 11 8 5 27 35 2
18 1 0 0 0 3 1 1 1 16 0 0 16 7 14 0 8 14 404 1
1 0 0 2 0 0 0 0 0 1 1 0 6 3 2 0 2 4 6 5
