0 0 0 0 0 0 0 0 0 0 0 0 0 0 0 0 0 0 0 0
0 137 0 0 144 16 2 0 12 0 1 214 0 0 4 0 0 4 0 12
0 2 0 0 4 0 0 0 0 0 0 0 0 0 1 0 0 0 0 0
0 0 0 0 0 0 0 0 0 0 0 0 0 0 0 0 0 0 0 0
0 118 2 0 1043 69 19 2 43 0 8 1153 0 0 12 0 0 34 0 51
0 12 2 0 74 54 1 0 3 0 7 52 0 0 4 0 0 2 0 10
0 3 0 0 23 2 9 0 1 0 1 26 0 0 0 0 0 0 0 6
0 0 0 0 0 0 0 0 0 0 0 0 0 0 0 0 0 0 0 0
0 7 0 0 52 3 2 0 10 0 0 29 0 0 0 0 0 1 0 2
0 0 0 0 0 0 0 0 0 0 0 0 0 0 0 0 0 0 0 0
0 0 0 0 6 0 0 0 0 0 1 2 0 0 0 0 0 1 0 0
0 100 0 0 565 42 13 1 28 0 3 2259 0 0 6 0 0 14 0 56
0 0 0 0 0 0 0 0 0 0 0 0 0 0 0 0 0 0 0 0
0 0 0 0 0 0 0 0 0 0 0 0 0 0 0 0 0 0 0 0
0 1 0 0 10 2 1 1 1 0 0 9 0 0 4 0 0 1 0 0
0 0 0 0 0 0 0 0 0 0 0 0 0 0 0 0 0 0 0 0
0 0 0 0 0 0 0 0 0 0 0 0 0 0 0 0 0 0 0 0
0 5 0 0 24 1 0 0 2 0 0 29 0 0 0 0 0 1 0 4
0 0 0 0 0 0 0 0 0 0 0 0 0 0 0 0 0 0 0 0
0 14 0 0 91 7 3 0 9 0 1 151 0 0 2 0 0 2 0 23
