192 14 0 0 3 3 6 36 17 0 2 1 1 0 34 245 0 5 0 6
23 70 0 26 2 4 5 40 27 18 3 0 2 0 31 66 1 19 0 13
1 1 2 1 0 1 2 1 0 0 0 1 0 1 3 1 0 1 0 1
0 7 0 522 0 13 0 25 28 173 6 3 0 0 36 0 0 27 0 16
2 2 0 4 0 5 1 9 2 2 0 0 0 0 6 13 0 1 0 1
10 10 1 24 1 81 3 23 22 15 8 1 1 1 39 52 0 14 0 10
4 1 0 2 0 4 3 5 8 5 0 0 0 0 3 14 0 1 1 4
42 20 0 23 0 14 4 621 40 121 7 3 4 0 39 12 0 18 0 12
48 24 1 61 3 19 8 95 115 38 2 3 4 0 74 171 0 34 0 11
0 8 0 82 0 3 2 95 10 106 0 0 0 0 10 0 0 3 0 4
3 2 0 1 0 5 0 4 3 3 1 0 2 0 3 2 0 1 0 3
43 7 0 30 4 1 1 30 6 15 0 49 0 0 8 61 0 0 0 2
3 2 0 0 0 0 0 3 0 0 0 0 4 1 3 3 0 1 0 1
0 0 0 0 0 0 1 0 0 0 0 0 0 1 0 0 0 0 0 0
88 31 4 69 2 23 5 65 54 39 8 0 8 1 206 232 0 27 0 17
321 32 2 0 2 24 9 19 59 0 4 1 4 0 138 1002 0 46 2 25
0 0 0 0 0 0 0 0 0 0 0 0 0 0 0 0 0 0 0 0
24 7 0 36 0 10 1 30 24 14 5 1 3 0 25 61 0 29 1 9
0 0 0 0 0 0 0 0 0 0 0 0 0 0 0 0 0 0 0 0
32 6 0 39 0 9 6 35 21 11 2 1 2 1 29 73 0 10 0 24
