167 11 0 0 1 3 3 33 10 0 3 1 0 0 24 285 0 18 2 13
22 37 0 20 0 9 2 19 18 7 3 0 6 1 21 48 0 6 0 6
0 1 0 0 1 3 0 2 0 0 0 0 0 0 2 1 0 0 0 1
0 10 0 466 2 11 1 27 33 130 6 0 1 0 47 0 0 18 1 13
4 0 0 5 2 0 1 8 1 0 0 2 0 0 1 9 0 1 0 2
11 12 3 25 0 73 1 25 10 9 7 1 3 2 26 38 0 10 1 4
5 1 0 4 1 2 8 4 4 4 1 1 0 0 1 7 0 2 0 5
42 16 0 25 0 16 5 524 22 138 5 3 5 0 38 12 0 18 0 8
38 11 0 51 0 11 3 90 67 30 16 2 8 1 48 105 0 29 2 12
0 4 0 106 0 5 1 105 4 101 0 3 0 0 9 0 0 11 0 5
2 3 0 3 0 1 0 1 0 3 4 0 1 0 6 5 0 2 0 0
28 4 0 31 3 5 3 25 4 19 0 71 0 0 2 63 0 3 0 5
4 1 0 0 0 1 0 4 4 1 0 0 12 0 5 11 0 2 0 2
0 0 0 1 0 1 2 0 1 0 0 0 0 2 2 0 0 1 0 0
53 18 1 47 0 23 4 46 27 25 6 0 13 1 147 150 0 29 0 14
323 43 0 0 1 12 4 11 52 0 4 1 14 0 91 941 0 32 4 19
0 0 0 0 0 0 0 0 0 0 0 0 0 0 0 0 2 0 0 0
22 6 0 27 0 9 2 33 14 14 2 2 11 0 32 62 0 36 1 6
1 1 0 0 0 0 0 0 0 0 0 0 0 0 0 3 0 2 2 1
24 7 0 20 0 6 4 24 11 12 5 1 2 1 18 57 0 11 0 16
